4000, -0.14, 0.21, 10.07, 12.19, 28.75, -63.25, -1.06, -0.19, 0.19
4100, -0.18, 0.17, 10.06, 12.19, 27.62, -64.06, -0.50, -0.25, 0.19
4200, -0.22, 0.14, 10.10, 12.56, 26.87, -63.63, -0.62, 0.13, 1.19
4300, -0.19, 0.09, 10.02, 11.06, 26.87, -62.06, -0.62, 0.31, 0.69
4400, -0.11, 0.28, 10.10, 12.19, 28.00, -64.06, -4.50, -0.75, 1.69
4500, -0.17, 0.05, 10.08, 12.19, 27.62, -62.50, -1.00, -0.06, 0.13
4600, -0.13, 0.10, 10.00, 11.81, 27.62, -62.88, -0.56, 0.31, -1.31
4700, -0.21, -0.04, 10.06, 11.81, 29.06, -61.69, -2.44, 0.31, -0.69
4800, -0.22, -0.19, 10.01, 12.56, 27.25, -62.06, -9.56, 0.44, -2.94
4900, -0.22, -0.28, 10.09, 12.19, 28.00, -62.88, -6.44, -0.25, -6.69
5000, -0.25, -0.27, 9.99, 11.81, 28.75, -62.50, 3.81, 0.37, 0.50
5100, -0.12, -0.24, 9.99, 12.56, 29.44, -61.69, -0.19, -0.37, 0.50
5200, -0.16, -0.11, 10.03, 11.81, 29.44, -62.88, 6.87, 2.50, -3.06
5300, -0.24, -0.07, 10.03, 12.56, 29.81, -62.50, 10.13, -1.69, 1.75
5400, -0.28, 0.30, 9.98, 11.81, 28.75, -63.25, 3.25, -0.69, 4.00
5500, -0.22, 0.09, 9.97, 11.06, 28.37, -63.25, 0.44, 0.13, 0.50
5600, -0.20, 0.12, 10.01, 11.81, 27.62, -62.88, 0.19, -0.19, 0.94
5700, -0.25, 0.87, 10.02, 11.44, 26.87, -62.50, 3.87, 0.31, 4.00
5800, -0.41, 1.65, 9.75, 12.56, 26.87, -63.69, -1.37, 0.00, 13.31
5900, 0.26, -3.92, 9.95, 11.81, 27.25, -63.25, 1.75, 0.62, 39.44
6000, -0.53, 0.15, 10.19, 12.56, 27.62, -62.50, -7.50, 0.56, -3.44
6100, -0.99, 0.34, 10.32, 13.31, 26.12, -62.88, 14.69, -24.56, 9.63
6200, 0.15, 1.15, 8.83, 13.69, 27.25, -62.50, 18.69, -5.12, 5.19
6300, -0.12, 0.97, 9.57, 11.44, 24.31, -64.44, 7.50, -7.81, -1.56
6400, 0.04, 0.47, 10.57, 11.44, 24.31, -64.44, 8.13, -9.88, -1.69
6500, 0.01, 0.31, 11.12, 12.56, 23.94, -64.06, 37.06, -22.44, -1.06
6600, 0.82, 1.32, 10.00, 9.25, 22.06, -66.81, 25.94, -35.38, 10.38
6700, 0.47, 3.43, 8.41, 7.37, 19.12, -68.37, 21.81, -13.88, -1.19
6800, 1.09, 2.61, 9.01, 4.44, 17.31, -68.31, 13.00, -1.56, 6.94
6900, 2.33, 2.66, 10.44, 4.44, 16.94, -67.19, 42.31, -62.13, 2.00
7000, 2.28, 2.18, 9.81, 2.62, 15.81, -68.75, 2.94, -24.31, 3.81
7100, 2.94, 1.92, 9.07, 1.12, 16.19, -69.87, -50.19, 45.31, 0.25
7200, 4.06, 2.50, 9.47, -0.69, 14.38, -69.87, -46.88, 4.87, -19.44
7300, 1.12, 1.59, 11.31, 6.69, 17.69, -68.37, 30.94, 5.87, 3.69
7400, 0.57, 1.45, 10.81, 8.50, 21.37, -66.75, 34.13, 0.69, 4.56
7500, 1.02, 1.38, 10.24, 8.88, 20.62, -66.81, 11.44, 11.00, -4.56
7600, 1.14, 1.96, 10.77, 7.75, 19.12, -68.00, 8.38, 53.56, 30.25
7700, 1.46, 1.35, 8.84, 7.37, 21.37, -67.19, 29.87, -54.44, -15.31
7800, -0.57, 0.56, 10.49, 11.06, 20.62, -65.25, -20.69, 19.00, 4.12
7900, -1.61, -0.62, 10.13, 13.31, 21.75, -62.88, -47.19, 64.44, -4.31
8000, -1.71, 1.29, 11.48, 15.88, 22.44, -62.13, 16.31, 33.06, 13.25
8100, -1.35, 1.73, 10.36, 17.00, 21.75, -60.56, -4.12, -21.00, 23.31
8200, -1.30, 0.50, 9.42, 18.81, 21.00, -60.13, 19.81, -10.44, 30.06
8300, -0.54, 1.02, 9.94, 17.37, 19.12, -60.50, -14.63, -17.19, 47.00
8400, -1.80, 1.71, 11.80, 17.37, 16.94, -61.31, 21.19, 52.56, 53.63
8500, -1.81, 2.41, 11.32, 20.31, 13.63, -59.00, -28.75, -35.38, 41.19
8600, -0.90, 0.74, 9.35, 22.50, 12.50, -57.44, 36.81, -2.94, 30.31
8700, -2.18, 1.05, 9.98, 21.81, 12.50, -58.56, -22.06, -56.81, 57.88
8800, -1.08, -0.41, 9.22, 20.69, 11.00, -59.38, -37.94, 14.63, -29.00
8900, -2.36, 1.96, 11.86, 21.06, 14.69, -59.75, 43.69, 21.87, -39.69
9000, -1.43, 0.58, 9.05, 21.44, 11.00, -58.63, 141.75, -47.50, 65.44
9100, -0.51, 0.07, 8.97, 19.94, 5.87, -59.75, -73.19, 13.88, 31.19
9200, -2.90, -1.35, 11.13, 21.06, 8.06, -60.56, 40.19, -44.38, -7.50
9300, 0.26, 1.96, 10.04, 16.62, 2.19, -62.06, 10.81, 10.13, 61.25
9400, 0.79, 2.24, 8.72, 15.13, -2.62, -61.69, 78.94, 57.00, -11.38
9500, -2.32, 3.17, 10.66, 19.19, -5.56, -58.94, -29.87, 17.00, -9.50
9600, -2.14, 1.11, 9.56, 19.94, 0.31, -60.56, -0.37, 120.06, 30.87
9700, -1.09, 3.63, 9.69, 23.62, -0.37, -57.81, 121.06, 75.94, 6.87
9800, -3.41, 2.70, 10.54, 26.19, -5.19, -52.69, 9.19, -27.69, -3.12
9900, -2.35, 3.75, 9.30, 26.19, -5.19, -53.88, -65.56, -82.69, -45.44
10000, -2.43, 1.98, 10.11, 24.75, -1.87, -56.25, -41.94, -72.81, -39.38
10100, -0.91, 1.48, 11.27, 21.44, 2.19, -59.75, 55.44, -40.81, 10.75
10200, -1.02, 1.42, 9.26, 19.94, 2.56, -61.31, -19.25, 19.75, -14.44
10300, -0.33, 1.01, 9.39, 20.69, 5.12, -60.50, -16.75, -27.69, -11.50
10400, 0.16, 1.00, 9.55, 18.44, 5.50, -62.13, 26.00, -30.31, -1.69
10500, 0.34, 1.02, 10.23, 15.50, 6.62, -64.06, 30.25, -28.19, 0.13
10600, 0.73, 1.04, 10.32, 13.69, 3.31, -63.25, -30.06, -29.62, -4.44
10700, 1.75, 0.97, 10.00, 12.19, 3.62, -64.06, -45.13, -50.81, 4.69
10800, 1.74, 0.81, 10.19, 10.38, 6.25, -66.37, 15.19, -40.81, 0.19
10900, 2.72, 1.07, 9.81, 6.31, 7.00, -66.81, 16.75, -28.44, 0.00
11000, 3.44, 1.12, 9.49, 4.06, 4.00, -66.75, 7.87, -55.06, 0.88
11100, 4.15, 1.10, 8.66, -0.69, 3.62, -67.94, 8.13, -52.75, 6.87
11200, 4.79, 0.80, 8.17, -4.00, 4.37, -68.31, -9.75, -62.69, 3.69
11300, 5.52, 0.60, 8.33, -8.44, 4.00, -68.37, 10.94, -46.13, 3.94
11400, 6.06, 0.66, 7.60, -13.63, 4.75, -68.31, 14.75, -43.81, 3.56
11500, 6.58, 0.77, 6.94, -15.81, 2.94, -68.31, 9.25, -22.31, 5.31
11600, 7.24, 0.75, 6.88, -18.37, 2.94, -68.75, -3.75, -39.81, 8.06
11700, 7.30, 0.35, 6.38, -21.37, 1.81, -68.00, -9.00, -62.88, 4.75
11800, 7.85, 0.22, 4.74, -25.37, 4.37, -65.19, -5.37, -55.38, 4.37
11900, 8.43, 0.22, 4.41, -30.56, 2.94, -62.50, 2.69, -35.94, 2.87
12000, 8.80, 0.39, 3.61, -32.75, 3.31, -60.94, 4.06, -49.00, 4.25
12100, 9.20, 0.22, 3.19, -35.38, 2.94, -59.75, -9.81, -41.00, 3.56
12200, 9.28, 0.23, 2.38, -39.44, 3.62, -57.00, -12.31, -30.87, 2.25
12300, 8.87, 0.42, 2.12, -42.00, 4.37, -55.44, -3.75, -41.94, -4.50
12400, 9.11, 0.28, 1.10, -45.31, 4.00, -55.06, 18.81, -53.69, 5.19
12500, 9.58, 0.21, 0.01, -46.81, 4.37, -51.19, 14.31, -38.13, 1.94
12600, 9.71, 0.09, -0.59, -49.75, 1.44, -46.88, -20.50, -16.69, 2.44
12700, 9.66, 0.05, -0.88, -50.81, 4.00, -46.50, -8.88, -28.25, 2.06
12800, 9.45, 0.12, -1.30, -50.88, 2.94, -45.31, 12.50, -38.19, 0.25
12900, 9.38, -0.04, -1.58, -52.69, 3.62, -41.38, 16.87, -25.37, -3.31
13000, 9.12, 0.01, -2.42, -55.25, 3.31, -41.38, 14.81, -27.25, -1.62
13100, 9.25, 0.00, -3.30, -54.19, 4.37, -37.50, 9.13, -40.94, 0.62
13200, 8.80, -0.06, -4.13, -56.00, 3.62, -35.13, -27.62, -79.19, 9.19
13300, 8.51, -0.24, -3.72, -56.75, 4.00, -30.06, 24.06, -53.69, -1.44
13400, 7.92, -0.18, -5.53, -58.19, 3.62, -26.94, 12.88, -67.94, 21.06
13500, 6.95, -0.56, -6.31, -57.88, 4.00, -22.25, 0.56, -38.38, 3.19
13600, 6.67, -0.28, -6.55, -58.19, 5.12, -17.94, 6.00, -15.94, 1.62
13700, 6.57, -0.49, -7.03, -57.50, 5.12, -15.19, 13.00, -28.75, 12.13
13800, 6.21, -0.97, -7.78, -54.88, 8.06, -12.50, -21.19, -25.69, 4.31
13900, 6.00, -1.20, -7.21, -56.75, 5.87, -9.75, -15.56, -21.56, -2.12
14000, 5.79, -1.12, -7.67, -54.50, 7.69, -9.38, 8.31, -24.56, 2.44
14100, 5.15, -1.41, -8.62, -53.44, 6.25, -6.62, -7.50, -33.19, -3.12
14200, 4.64, -1.05, -8.56, -53.44, 7.31, -3.87, 18.25, -20.25, -2.81
14300, 4.14, -1.23, -8.98, -51.19, 6.25, 0.00, 23.62, -25.56, 9.13
14400, 4.36, -1.53, -8.90, -49.75, 9.19, -0.75, 14.31, -24.12, 6.81
14500, 3.87, -1.69, -8.82, -49.00, 9.56, 3.12, -8.25, -3.87, 6.87
14600, 4.00, -1.73, -9.22, -48.63, 8.44, 3.12, -0.25, -21.62, 16.31
14700, 3.71, -1.78, -9.12, -48.25, 10.69, 5.06, -11.88, -22.06, 4.19
14800, 2.55, -2.20, -9.29, -46.06, 11.38, 5.44, -16.69, -15.06, 6.12
14900, 2.17, -1.45, -8.63, -45.69, 11.00, 6.62, -1.06, 7.44, -1.12
15000, 2.38, -2.05, -9.84, -45.31, 11.38, 7.81, -1.94, -28.00, 20.50
15100, 1.46, -1.60, -9.54, -42.00, 11.38, 10.13, -20.12, -18.50, 11.44
15200, 1.70, -1.52, -10.21, -42.00, 9.56, 10.50, 3.25, -19.50, 4.12
15300, 0.98, -1.91, -10.24, -39.44, 11.00, 12.06, 21.19, -34.38, 2.44
15400, 0.38, -1.15, -9.18, -37.94, 10.69, 14.06, -7.31, -11.44, 2.50
15500, 0.33, -1.44, -9.47, -37.19, 9.19, 12.88, -21.37, -10.13, 3.50
15600, 0.35, -1.12, -10.57, -35.75, 7.69, 14.44, -22.25, -2.37, -4.75
15700, 0.20, -0.92, -9.46, -35.75, 8.81, 14.81, 5.37, -2.00, 1.62
15800, -0.10, -0.84, -10.19, -37.19, 6.62, 14.44, -8.44, -16.62, 6.81
15900, 0.18, -1.07, -9.97, -36.81, 7.69, 14.81, -14.75, -5.62, -0.75
16000, 0.16, -0.86, -9.70, -36.44, 7.31, 14.06, 14.00, -24.12, 7.37
16100, 0.43, -1.01, -9.90, -36.13, 8.44, 14.81, -5.12, -3.31, 1.12
16200, 0.25, -0.83, -9.58, -36.81, 8.06, 14.06, -1.37, 7.25, -1.44
16300, 0.32, -0.83, -9.46, -39.06, 8.81, 13.25, -1.62, 0.62, 4.81
16400, 0.58, -0.97, -9.79, -37.94, 8.44, 12.50, 8.25, -1.50, -0.88
16500, 1.03, -1.13, -9.41, -39.06, 8.44, 12.50, -3.50, -1.50, -0.56
16600, 0.88, -1.11, -9.63, -39.81, 9.19, 12.06, -8.25, 8.75, 1.31
16700, 0.86, -0.86, -9.93, -39.81, 7.31, 12.06, 4.62, 21.94, -6.19
16800, 1.37, -0.92, -9.44, -41.63, 9.56, 10.94, -1.87, 24.69, -3.31
16900, 1.66, -0.55, -10.06, -42.00, 7.31, 9.75, -28.00, 14.25, 7.00
17000, 1.55, -0.29, -9.65, -43.50, 8.06, 8.19, 10.25, 57.81, -5.19
17100, 3.98, -1.06, -8.54, -47.19, 8.81, 4.69, 5.56, 68.19, -6.31
17200, 4.54, -1.31, -9.05, -50.13, 8.06, 1.94, -7.94, 49.31, -0.25
17300, 4.93, -1.19, -8.37, -50.13, 8.06, 1.94, 13.63, 61.94, -17.37
17400, 5.60, -1.01, -7.54, -51.94, 8.81, -1.94, -5.75, 90.31, -5.94
17500, 6.73, -0.84, -7.01, -55.25, 9.19, -5.81, 1.69, 69.56, -13.38
17600, 7.36, -0.53, -6.39, -56.38, 8.81, -11.69, 11.44, 57.00, -4.56
17700, 7.69, -0.67, -6.09, -58.19, 5.50, -18.31, 4.12, 51.31, -7.56
17800, 8.26, -0.39, -3.97, -58.94, 6.25, -21.87, 12.19, 100.69, -8.19
17900, 8.89, -0.54, -2.82, -57.88, 6.62, -27.31, 6.69, 110.37, 0.31
18000, 9.56, -0.47, -1.11, -57.88, 7.00, -35.13, 20.37, 85.94, -7.69
18100, 9.54, -0.43, 0.99, -55.25, 5.87, -42.19, 8.69, 110.19, -2.06
18200, 8.89, -0.27, 2.82, -49.38, 5.87, -50.38, -13.56, 45.44, 0.19
18300, 8.39, -0.75, 3.68, -43.50, 4.00, -55.88, -14.50, 72.56, -5.62
18400, 8.47, -0.49, 5.73, -40.88, 4.75, -59.00, 25.50, 95.56, -8.81
18500, 7.17, -0.09, 6.26, -33.50, 4.37, -62.13, 7.87, 76.25, -11.19
18600, 6.69, -0.78, 8.38, -27.25, 4.00, -65.25, -43.25, 86.12, 0.13
18700, 5.03, -0.78, 8.17, -21.00, 2.94, -66.44, -29.50, 89.25, -1.75
18800, 4.17, 0.00, 7.36, -13.63, 5.50, -68.00, 28.69, 121.00, 23.37
18900, 1.52, -0.53, 9.75, -7.00, 7.31, -68.75, -14.56, 46.31, 12.50
19000, 1.44, -0.97, 10.22, 2.62, 6.25, -66.00, 2.94, 14.13, -1.12
19100, 0.23, -0.19, 9.99, 7.75, 7.00, -65.25, -13.50, 92.19, -10.25
19200, 0.10, 0.01, 11.18, 9.63, 5.87, -64.44, 21.06, 77.56, -6.81
19300, -0.87, 0.70, 11.22, 16.62, 5.12, -62.13, 8.44, 42.31, -18.81
19400, -2.24, 0.67, 9.34, 20.31, 4.75, -59.00, 18.94, 43.19, -10.69
19500, -3.61, 0.56, 10.48, 23.62, 5.50, -56.25, -9.81, 69.50, 18.56
19600, -3.17, 0.22, 10.49, 25.50, 5.87, -54.69, -26.94, -16.12, -5.37
19700, -3.13, -0.68, 10.92, 29.87, 6.62, -51.19, -61.63, 43.31, -37.63
19800, -3.20, -1.12, 9.94, 29.87, 8.06, -50.81, 31.44, 30.69, 29.50
19900, -1.92, -1.20, 10.17, 31.75, 12.88, -49.19, 70.00, -90.31, 2.69
20000, -2.73, 0.60, 9.91, 32.13, 10.69, -48.81, 29.19, 22.94, 37.44
20100, -4.43, 0.70, 8.55, 28.81, 9.56, -51.56, 18.19, 36.13, 28.44
20200, -2.16, 1.82, 8.48, 29.87, 6.62, -51.19, -14.50, 15.75, 6.19
20300, -2.52, 1.09, 9.14, 30.25, 4.75, -49.63, 15.44, -2.69, 15.25
20400, -2.38, 0.80, 9.66, 29.50, 3.31, -50.81, 26.69, -0.75, 31.00
20500, -2.40, 1.57, 9.01, 29.50, 1.81, -51.19, 22.62, -41.38, -4.62
20600, -2.98, 1.68, 9.73, 28.06, 2.19, -50.00, 20.31, 13.94, 27.44
20700, -2.54, 2.68, 9.65, 27.69, -0.37, -52.00, 28.50, -23.06, 24.62
20800, -2.37, 2.46, 9.79, 26.56, -3.00, -53.13, 19.44, -16.81, 16.31
20900, -2.01, 2.36, 8.52, 25.12, -3.69, -52.38, 31.06, -48.06, 13.13
21000, -0.34, 2.64, 8.90, 23.62, -4.44, -53.94, 73.87, -52.50, 8.94
21100, -1.73, 3.24, 9.37, 22.12, -5.94, -53.56, 21.06, 7.37, 17.50
21200, -1.44, 1.34, 8.37, 22.87, -8.13, -52.38, -24.06, 5.69, 18.25
21300, -2.45, 3.22, 8.44, 23.25, -5.19, -51.19, -40.75, 13.94, 2.81
21400, -4.37, 0.26, 8.58, 25.50, -4.06, -51.19, -19.56, 99.75, -2.25
21500, -4.64, 1.33, 9.94, 29.87, -3.37, -46.13, 24.75, -30.56, -14.88
21600, -3.42, 1.98, 10.42, 30.25, -3.69, -46.13, -30.94, 9.81, -14.50
21700, -4.35, 2.19, 10.44, 29.50, -3.69, -46.50, -12.19, 42.00, 14.25
21800, -3.83, 0.98, 9.00, 29.50, -3.00, -45.69, 54.06, 35.44, 11.56
21900, -4.45, 1.59, 8.55, 31.75, -5.19, -43.00, 19.81, -17.81, -16.56
22000, -3.65, 0.24, 8.01, 31.75, -5.56, -41.81, -25.06, 9.06, -20.44
22100, -5.86, 2.29, 8.24, 32.50, -1.50, -41.00, 61.63, -17.44, -13.81
22200, -5.12, 2.06, 8.89, 33.19, -2.25, -39.88, 17.56, 18.25, 8.13
22300, -5.58, 2.19, 8.34, 31.75, -4.44, -38.69, 4.00, 10.31, -10.88
22400, -5.33, 1.79, 8.70, 34.69, -4.44, -37.88, 24.00, 31.19, 5.56
22500, -6.01, 1.98, 7.96, 35.06, -5.19, -35.94, 54.75, 8.50, 10.94
22600, -6.05, 2.62, 7.52, 32.88, -6.69, -34.00, -36.19, 20.56, -12.50
22700, -7.07, 1.31, 8.60, 33.94, -4.44, -32.81, 4.75, -3.94, -4.06
22800, -6.16, 1.16, 7.69, 36.19, -3.69, -33.19, -12.50, 34.56, 3.75
22900, -6.21, 0.98, 7.50, 35.81, -2.25, -33.19, -16.81, 17.12, -23.00
23000, -6.45, 0.92, 7.00, 35.81, -2.62, -30.50, 10.75, -22.50, -11.94
23100, -6.63, 0.10, 7.51, 33.56, -1.50, -30.87, 11.75, 50.81, 7.50
23200, -8.75, 0.91, 7.14, 38.00, -1.12, -28.50, 20.31, 111.62, -17.00
23300, -9.21, -0.06, 5.34, 38.00, 2.94, -19.12, -10.63, 77.81, -16.75
23400, -8.93, -0.19, 2.22, 36.19, 3.31, -12.06, -16.81, 92.06, -3.00
23500, -9.38, 0.22, 0.58, 35.06, 2.56, -8.56, 23.19, 54.81, -1.44
23600, -9.62, 1.07, 0.64, 32.13, 3.31, -3.12, 17.75, 102.19, -15.31
23700, -9.85, -0.07, -0.48, 31.00, 5.12, 2.69, 20.12, 83.56, -1.25
23800, -9.83, 0.77, -1.58, 26.56, 3.62, 8.94, 10.50, 79.31, -20.94
23900, -6.41, -3.15, -2.81, 24.37, 5.87, 11.69, -48.88, 68.25, 10.38
24000, -8.29, -0.79, -4.46, 20.69, 6.62, 15.19, -33.44, 38.00, 5.50
24100, -8.17, 1.01, -4.72, 13.31, 8.06, 17.56, -1.37, 77.19, -4.25
24200, -6.77, -0.60, -6.03, 7.06, 8.81, 22.62, 12.38, 85.12, 8.31
24300, -6.26, -0.21, -7.46, 0.37, 7.31, 22.25, -16.94, 75.69, 11.69
24400, -5.68, -0.62, -8.40, -5.12, 7.69, 23.06, 1.37, 67.50, -2.25
24500, -3.46, -0.27, -10.44, -10.31, 8.81, 23.81, 37.13, 41.06, 8.88
24600, -3.13, -0.12, -9.62, -12.50, 11.75, 23.44, -38.69, 25.50, 9.31
24700, -3.80, 0.35, -7.97, -14.00, 12.13, 23.44, -16.56, 74.50, 21.06
24800, -2.77, -0.08, -11.29, -18.75, 8.44, 23.06, -18.44, -20.37, -11.63
24900, -1.14, 0.11, -9.91, -20.62, 6.25, 22.62, -10.63, 25.75, 8.69
25000, -1.50, 0.56, -9.47, -23.94, 5.50, 21.87, 18.44, 26.12, 45.81
25100, -0.19, 1.45, -9.58, -27.62, 4.75, 19.50, -14.25, 46.56, 29.62
25200, -0.76, 1.40, -8.82, -31.69, 7.00, 19.12, 8.81, 16.81, 8.69
25300, -0.63, 0.72, -9.17, -34.25, 6.62, 17.94, 22.19, 20.37, 30.19
25400, -0.18, 0.62, -9.05, -36.81, 7.31, 16.00, -5.31, 31.69, -5.44
25500, 0.16, 0.86, -9.32, -39.06, 11.00, 15.63, -7.50, 22.25, -19.37
25600, 0.88, 0.04, -9.12, -41.25, 10.69, 15.19, 8.69, -2.75, 0.31
25700, 0.16, 0.29, -9.32, -41.25, 9.94, 13.63, -10.44, 12.00, -2.75
25800, 0.84, 0.34, -9.89, -40.50, 10.31, 13.63, -12.69, 6.87, 4.62
25900, 1.49, 0.81, -9.76, -39.44, 10.69, 14.06, -5.81, 7.00, -5.94
26000, 0.25, 0.58, -9.46, -39.81, 10.31, 12.88, 7.00, -1.25, -0.19
26100, 0.63, 0.08, -9.95, -41.63, 9.56, 13.25, 6.12, -8.88, -1.06
26200, 0.55, 0.27, -10.46, -41.25, 10.31, 13.63, -8.69, -21.75, 2.81
26300, -0.19, 0.47, -9.65, -39.81, 9.56, 14.44, 14.06, -26.50, 4.69
26400, -1.14, 0.32, -8.26, -38.69, 8.06, 15.63, -2.25, -45.50, -7.56
26500, -1.50, 0.10, -10.10, -36.44, 8.44, 16.81, -4.62, -23.56, 1.37
26600, -1.29, 0.48, -10.38, -30.94, 9.19, 19.12, 7.37, -73.81, 24.94
26700, -2.68, 1.04, -9.40, -29.81, 8.81, 18.37, 5.81, -64.06, 10.81
26800, -4.99, 0.64, -8.10, -25.06, 7.69, 20.31, -5.87, -86.94, 23.94
26900, -4.87, 0.80, -6.09, -21.75, 8.06, 22.25, -38.31, -62.44, 34.06
27000, -7.12, 1.52, -6.57, -12.88, 8.06, 22.62, -36.44, -98.62, 10.56
27100, -8.02, 1.17, -6.45, -3.31, 6.25, 22.62, -1.31, -78.25, -11.13
27200, -7.31, 1.33, -8.45, 5.19, 3.62, 20.69, -14.81, -152.25, -9.56
27300, -8.60, 2.01, -5.33, 11.44, 4.37, 18.37, 19.56, -163.69, 31.19
27400, -8.36, 1.05, -0.76, 23.62, 0.31, 8.56, 39.19, -115.94, 48.81
27500, -8.19, 2.82, 0.15, 27.31, -0.37, 4.25, 29.31, -131.87, 40.69
27600, -10.28, 3.03, 3.01, 31.75, -1.87, -0.37, 19.87, -28.87, 30.12
27700, -9.08, 3.01, 3.82, 32.88, -3.69, -4.25, -54.00, -132.31, -3.69
27800, -8.66, 2.77, 6.03, 34.31, -4.06, -14.81, -21.06, -127.06, -9.31
27900, -6.54, 2.74, 7.98, 33.94, -4.44, -26.19, -29.37, -164.69, 9.88
28000, -4.90, 2.63, 9.90, 33.19, -6.69, -38.31, -5.19, -54.44, 15.56
28100, -3.86, 3.19, 9.14, 31.37, -7.06, -43.75, -14.44, -52.94, 14.88
28200, -2.29, 2.98, 10.24, 26.56, -8.13, -48.44, 13.44, -23.19, 8.88
28300, -2.30, 4.43, 10.80, 23.25, -7.06, -52.00, -15.44, -43.81, -8.88
28400, -0.40, 2.23, 10.97, 19.56, -7.75, -55.13, -41.75, -20.06, -0.37
28500, 0.18, 2.42, 10.03, 17.00, -7.06, -57.81, -8.63, -22.06, 8.63
28600, 1.20, 2.70, 9.38, 15.50, -7.37, -58.63, 18.75, -21.44, 7.94
28700, 0.88, 2.21, 9.39, 12.94, -8.50, -60.19, 10.44, -19.75, -48.31
28800, 1.09, 2.59, 9.77, 12.56, -6.31, -60.63, -3.69, 26.06, -20.56
28900, 2.26, 1.74, 9.72, 12.94, -4.44, -60.19, -32.63, 6.00, -27.12
29000, 0.60, 1.70, 10.56, 14.06, -0.75, -59.81, -26.56, -19.75, -26.69
29100, 1.59, 1.45, 9.43, 14.44, -1.50, -59.44, -0.56, 0.44, -4.06
29200, 0.20, 1.92, 10.12, 15.50, 0.31, -61.38, -2.69, 39.56, 2.12
29300, 0.09, 1.83, 10.56, 16.25, -0.37, -60.19, -27.37, 4.50, -4.50
29400, 0.23, 1.72, 9.93, 17.75, 1.44, -59.81, 0.69, -11.44, 5.50
29500, -0.09, 1.68, 9.92, 16.25, 1.44, -60.19, 3.69, 0.75, 4.31
29600, -0.45, 1.86, 9.61, 18.81, 1.06, -60.63, 4.69, 19.37, 4.69
29700, -0.51, 2.06, 10.13, 17.75, 0.69, -60.63, -8.63, 12.88, 4.62
29800, 0.09, 1.53, 9.97, 18.12, 0.31, -58.63, -30.00, 8.25, 14.50
29900, 0.36, 1.22, 11.09, 18.81, 1.81, -59.44, -0.19, -10.69, 27.06
30000, 0.14, 0.97, 10.12, 17.00, 1.44, -59.81, -30.37, -2.87, 7.81
30100, -0.14, -0.50, 10.20, 15.88, 4.37, -60.19, -107.94, 14.25, 7.75
30200, 0.38, -1.93, 9.54, 16.62, 9.94, -60.63, -56.94, -9.50, -3.25
30300, 0.06, -2.74, 10.21, 15.88, 14.00, -61.38, -50.75, 11.31, 12.50
30400, -0.34, -3.31, 9.16, 15.50, 16.94, -59.81, -84.62, 1.19, 8.25
30500, 0.18, -5.02, 8.64, 18.81, 22.06, -59.00, -54.44, 9.00, 6.44
30600, -0.83, -6.09, 8.64, 17.37, 26.50, -58.25, -59.75, -0.25, -10.31
30700, 0.31, -6.64, 7.94, 17.75, 33.13, -54.69, -16.25, -9.69, -17.62
30800, 0.18, -7.04, 6.17, 18.44, 36.13, -52.00, -27.44, 6.81, -28.69
30900, 0.40, -8.05, 4.77, 15.13, 39.06, -49.25, -115.12, 14.00, -13.56
31000, 1.08, -8.04, 4.82, 16.62, 43.50, -46.88, -60.75, 9.31, -20.50
31100, -0.03, -8.55, 3.46, 16.25, 46.06, -40.25, -7.62, -7.25, 34.00
31200, 0.08, -8.79, 3.15, 18.44, 46.44, -38.69, -76.81, 48.00, 47.06
31300, -0.04, -10.47, 0.68, 20.69, 45.31, -31.62, -102.50, 1.94, -10.06
31400, 0.34, -10.30, 0.08, 17.75, 49.75, -26.94, -65.37, 16.00, 6.75
31500, 0.67, -9.96, -1.08, 19.19, 49.38, -21.50, -86.19, 11.81, 21.94
31600, -0.38, -9.66, -2.27, 23.25, 48.25, -17.94, -104.75, 27.62, 5.62
31700, 0.94, -9.04, -3.66, 21.06, 47.19, -11.69, -59.75, 20.75, -84.87
31800, 0.47, -9.09, -4.75, 20.69, 47.88, -7.81, -76.75, -2.19, -58.69
31900, 1.76, -7.44, -4.84, 18.81, 47.50, -5.81, -56.06, 22.06, -35.75
32000, 0.28, -7.59, -5.92, 18.12, 46.06, -3.50, -70.37, 12.69, -21.37
32100, 1.09, -5.22, -6.77, 17.75, 42.38, 0.75, -73.25, 2.25, -15.63
32200, 1.46, -6.47, -8.44, 19.19, 39.44, 5.06, -65.56, 19.44, 27.12
32300, 1.39, -4.90, -8.86, 18.81, 34.63, 6.25, -20.25, -12.19, 45.25
32400, 2.26, -5.18, -8.16, 18.12, 32.81, 10.13, -12.56, 4.50, 50.50
32500, 0.37, -4.87, -8.41, 19.56, 30.94, 10.13, -58.44, 3.50, 13.19
32600, 0.25, -4.02, -9.03, 22.87, 29.12, 8.19, -39.38, -6.37, -37.63
32700, 0.18, -4.09, -9.39, 22.12, 27.25, 10.13, -51.31, -2.87, 16.62
32800, 0.23, -3.11, -9.16, 22.12, 26.87, 10.94, -21.44, 7.69, -9.44
32900, -0.11, -3.13, -9.34, 23.25, 23.19, 10.94, -52.75, -8.25, 12.63
33000, 0.22, -1.90, -9.47, 22.50, 23.56, 12.13, -16.62, 17.62, 24.50
33100, 0.13, -2.74, -9.58, 21.44, 25.06, 12.06, -18.94, -15.31, -10.50
33200, 0.64, -2.36, -9.24, 22.50, 20.62, 12.50, 10.94, -12.19, -16.75
33300, -0.05, -2.05, -9.72, 21.81, 19.87, 13.25, 10.06, -19.56, -17.69
33400, 0.61, -2.03, -10.09, 22.87, 21.75, 10.13, -1.81, -4.37, 9.44
33500, -0.81, -1.96, -9.20, 22.87, 21.00, 10.94, 4.56, -6.56, 3.56
33600, -0.30, -1.83, -9.60, 22.87, 20.62, 10.94, -49.56, 12.69, -5.12
33700, 0.33, -1.40, -9.35, 23.62, 18.06, 12.06, -8.19, 25.62, 9.19
33800, 0.32, -1.34, -8.89, 20.69, 16.19, 14.81, -8.44, -6.75, -37.44
33900, 0.61, -1.12, -9.94, 19.94, 16.19, 16.00, 0.56, -2.75, 0.62
34000, 0.59, -1.97, -9.98, 19.94, 15.06, 15.25, 24.25, -9.88, 11.56
34100, 0.50, -2.14, -9.76, 20.31, 16.94, 14.44, 29.56, 4.06, 16.94
34200, 0.75, -3.04, -10.15, 22.12, 20.62, 10.94, 51.31, -23.69, 8.88
34300, -0.04, -1.09, -9.53, 23.62, 22.81, 8.94, 55.50, -24.25, 1.56
34400, -1.99, -3.49, -8.78, 25.12, 27.25, 5.06, 96.81, -44.69, -72.06
34500, -0.30, -6.16, -7.48, 26.94, 35.38, 1.12, 121.37, -32.56, -37.50
34600, 1.56, -6.89, -5.67, 24.75, 41.25, -5.06, 126.44, -8.25, -11.13
34700, 0.00, -8.76, -4.64, 25.50, 44.19, -12.06, 102.19, -16.37, 0.94
34800, -0.81, -8.44, -2.12, 23.25, 45.69, -19.94, 116.56, -20.62, 3.44
34900, -0.55, -8.39, -1.88, 24.75, 47.19, -24.19, 123.87, -15.44, 2.75
35000, -1.37, -9.30, 0.11, 23.62, 45.69, -29.31, 143.19, -8.75, 13.56
35100, -1.32, -8.67, 2.03, 23.25, 44.56, -37.50, 108.44, -19.75, -2.12
35200, -1.36, -8.45, 4.89, 23.62, 39.81, -44.94, 110.25, 7.94, -0.69
35300, -1.50, -7.27, 6.18, 22.87, 34.25, -50.81, 104.69, -2.06, 8.63
35400, -0.68, -5.48, 7.62, 23.62, 27.62, -55.88, 161.81, 3.06, -4.19
35500, -0.90, -1.97, 9.22, 20.69, 17.69, -59.38, 247.69, -2.00, -1.44
35600, -1.05, -1.72, 10.15, 22.87, 7.31, -60.56, 107.00, -23.81, 11.75
35700, -0.61, -0.19, 10.03, 21.06, 1.81, -60.63, 109.75, -2.50, 17.69
35800, 0.27, 0.85, 10.11, 19.56, -3.00, -59.00, 56.94, -28.44, 48.75
35900, 0.63, 1.90, 11.82, 17.75, -6.69, -59.81, 19.94, -20.62, -21.37
36000, 0.63, 1.77, 9.97, 17.75, -6.69, -61.75, 58.69, 22.00, -16.56
36100, 0.06, 2.08, 9.91, 17.75, -8.88, -59.44, 39.69, 8.94, 12.56
36200, 0.22, 2.34, 9.98, 18.12, -10.38, -57.50, 42.56, 15.81, 34.19
36300, 0.70, 2.95, 10.37, 17.75, -14.75, -57.06, 26.56, 6.00, 4.62
36400, 0.06, 4.06, 10.16, 17.75, -17.37, -53.94, 60.88, -5.37, 26.69
36500, 0.93, 4.94, 9.29, 17.37, -19.19, -52.38, 71.75, 7.37, -0.94
36600, 0.13, 5.72, 7.83, 17.00, -24.00, -48.44, 95.19, -8.44, 6.69
36700, 0.11, 6.26, 7.47, 16.25, -27.69, -43.81, 55.06, -13.06, -17.56
36800, 0.32, 7.15, 7.07, 15.13, -29.19, -41.81, 56.44, -0.69, 5.81
36900, 0.82, 7.57, 5.14, 16.25, -31.75, -37.13, 49.00, -1.62, -6.06
37000, 0.33, 8.15, 5.57, 16.62, -32.50, -32.44, 36.25, -9.75, 18.69
37100, 0.71, 8.60, 5.64, 16.25, -33.94, -31.69, 60.44, 5.12, -16.25
37200, 0.56, 9.69, 3.68, 17.37, -34.69, -24.62, 111.44, 6.00, -20.75
37300, 0.21, 10.89, 2.98, 18.44, -32.50, -19.50, 81.81, 4.25, -0.13
37400, -0.94, 7.08, 5.14, 16.62, -32.88, -14.06, 20.12, 41.56, 3.37
37500, -0.19, 9.76, 0.09, 15.88, -33.19, -9.75, 91.06, 37.31, -3.06
37600, -0.04, 8.56, -1.41, 15.50, -29.19, -1.56, 102.44, 26.81, -27.50
37700, 0.18, 8.93, -2.53, 14.06, -26.19, 3.87, 43.06, 16.81, -3.87
37800, 0.15, 8.71, -2.52, 12.19, -22.50, 7.81, 10.88, -30.62, 2.56
37900, -0.39, 9.01, -4.66, 12.56, -22.12, 7.00, 38.25, -8.06, -33.88
38000, -2.92, 9.50, -5.71, 15.13, -18.44, 11.69, 32.44, -14.94, -22.69
38100, -0.54, 8.01, -4.64, 15.13, -16.62, 10.56, 0.88, 5.75, -17.44
38200, -0.24, 8.17, -4.75, 15.13, -15.88, 11.31, 16.12, 8.50, -6.69
38300, 0.22, 8.92, -5.13, 14.44, -13.31, 13.25, 29.37, -2.69, -19.00
38400, -0.14, 7.97, -5.10, 15.50, -12.56, 14.06, 36.44, 3.00, -30.44
38500, 0.50, 7.01, -6.56, 15.13, -8.50, 14.81, 5.19, -30.56, 56.75
38600, -0.58, 9.14, -7.06, 14.75, -10.00, 14.81, 30.12, -64.56, 38.13
38700, -1.46, 5.27, -6.51, 17.75, -8.88, 13.25, 38.19, -68.69, 192.37
38800, -1.01, 7.27, -7.15, 19.19, -11.06, 12.88, 25.25, -8.19, -4.69
38900, -0.06, 6.86, -7.39, 21.06, -9.25, 11.69, 35.88, 10.25, 17.81
39000, -1.50, 3.32, -8.40, 21.44, -8.88, 11.69, 107.62, 4.44, 28.19
39100, 1.36, 6.15, -7.70, 20.31, -6.69, 12.88, 31.94, 13.50, 29.75
39200, -2.34, 8.34, -8.35, 20.69, -7.06, 13.25, 11.75, -85.00, 183.75
39300, 0.33, 5.70, -7.38, 22.12, -8.50, 11.31, -11.69, 66.75, 85.25
39400, 0.88, 4.97, -8.57, 22.12, -8.50, 11.31, -12.75, -16.25, -33.63
39500, 1.34, 5.00, -8.15, 18.44, -11.44, 12.50, 46.25, -4.44, 24.25
39600, 0.44, 3.84, -8.56, 18.81, -9.63, 12.88, 42.81, -4.81, 53.25
39700, 1.17, 3.47, -8.85, 18.44, -7.75, 14.44, 21.81, -23.19, 3.94
39800, 1.29, 2.18, -8.83, 16.62, -7.75, 15.25, 28.50, -11.25, 14.19
39900, 0.94, 1.35, -9.93, 17.75, -7.06, 15.25, 50.19, -44.63, -16.25
40000, 0.61, 0.67, -8.45, 17.75, -5.56, 14.81, 11.69, 4.94, 2.75
40100, 0.45, 1.60, -10.08, 15.50, -2.62, 16.37, 6.31, -2.12, -14.94
40200, 0.62, 1.63, -10.32, 17.75, -1.87, 17.19, 17.06, -3.62, -2.62
40300, 0.85, 0.64, -9.80, 16.62, -1.12, 15.63, 0.56, 4.37, 3.31
40400, 0.86, 0.85, -9.42, 17.37, 1.06, 16.00, -5.00, 0.00, -6.94
40500, 0.76, 0.97, -9.27, 15.88, 1.44, 16.00, -4.94, -4.19, -3.50
40600, 0.56, 1.14, -9.09, 16.62, 3.31, 17.19, -12.25, -0.19, -23.37
40700, 0.67, 1.10, -9.68, 18.12, 2.19, 18.37, -14.69, 6.56, -5.31
40800, 0.54, 2.04, -9.91, 17.75, 1.81, 17.19, -20.81, 13.00, 2.06
40900, 0.52, 3.15, -9.12, 17.75, -1.50, 17.56, -38.75, 17.25, 5.62
41000, 0.81, 3.97, -9.21, 17.00, -3.69, 17.56, -75.44, 32.88, 4.19
41100, 1.18, 4.12, -10.61, 14.75, -8.13, 17.19, -77.69, 45.50, -19.75
41200, 2.36, 5.04, -9.36, 11.44, -14.06, 14.44, -101.75, 15.38, 3.75
41300, 2.43, 8.38, -7.38, 10.00, -20.31, 10.94, -61.81, -8.44, -26.25
41400, 1.94, 8.48, -4.65, 11.44, -24.75, 6.62, -107.31, -34.50, -36.50
41500, 1.72, 9.32, -3.61, 13.69, -27.69, 1.94, -87.69, 4.50, -41.81
41600, 1.89, 9.05, -2.25, 13.31, -31.75, -6.25, -96.62, 34.25, 20.62
41700, 2.45, 9.20, -1.00, 9.63, -34.69, -12.13, -61.81, -0.56, 38.19
41800, 2.85, 9.01, 0.84, 7.06, -35.81, -16.81, -72.06, 6.75, 16.75
41900, 2.62, 10.04, 2.02, 5.94, -37.63, -20.69, -138.56, 39.25, -17.56
42000, 2.46, 8.91, 3.02, 5.56, -37.63, -26.94, -49.81, 10.44, -8.75
42100, 1.82, 9.57, 3.70, 6.31, -36.56, -31.25, -78.12, 19.56, -21.06
42200, 1.97, 7.62, 5.08, 8.13, -34.31, -37.56, -89.12, 6.62, -15.19
42300, 0.56, 7.19, 7.78, 10.75, -30.62, -42.25, -133.75, 32.69, -39.06
42400, 1.87, 4.63, 7.88, 12.19, -25.87, -48.13, -44.25, 12.44, 3.75
42500, 1.16, 6.02, 7.84, 12.19, -21.06, -51.63, -14.50, -7.31, -4.81
42600, 1.27, 4.35, 7.85, 14.75, -18.81, -52.81, -72.87, 31.87, -28.94
42700, 0.47, 4.14, 8.74, 14.06, -13.69, -55.56, -39.38, 1.44, -17.00
42800, 1.54, 3.09, 8.48, 17.75, -11.81, -55.56, -45.50, -64.00, -15.06
42900, -0.31, 4.24, 9.66, 17.00, -7.06, -57.50, -15.19, 31.81, -1.37
43000, -0.86, 4.06, 10.22, 14.75, -5.94, -59.88, 24.87, 21.69, -11.88
43100, -0.46, 4.45, 8.40, 17.00, -5.56, -59.88, 1.06, 78.87, -2.00
43200, -0.12, 5.51, 8.48, 17.37, -4.81, -57.88, 35.63, -27.06, -30.81
43300, -0.22, 3.69, 9.42, 18.12, -4.44, -58.69, 13.75, 1.31, -19.44
43400, 0.90, 4.89, 9.05, 15.50, -3.69, -59.44, 42.75, 3.56, -1.56
43500, 0.95, 5.08, 9.35, 16.62, -5.56, -59.81, -3.87, -26.25, 26.56
43600, -0.19, 3.30, 8.42, 15.50, -7.06, -58.69, 10.00, 16.31, -2.94
43700, 0.55, 4.18, 8.95, 15.88, -6.69, -57.88, 25.87, 1.12, 20.50
43800, -0.35, 4.15, 7.88, 17.75, -8.50, -59.06, 7.62, -9.88, 50.19
43900, 0.04, 4.60, 9.40, 17.37, -8.88, -59.06, 14.44, 43.44, -6.69
44000, -0.77, 2.51, 9.77, 17.75, -9.63, -58.69, -23.50, -4.12, -8.50
44100, -0.02, 3.95, 9.45, 21.44, -7.37, -57.13, -22.87, -12.00, 8.19
44200, -0.46, 3.32, 10.18, 21.06, -4.81, -58.31, -32.13, -14.00, 10.94
44300, -1.80, 4.12, 10.37, 20.31, -4.44, -59.44, -13.94, -7.75, 18.62
44400, -0.13, 2.71, 9.50, 19.56, -1.87, -60.25, -17.94, 17.06, 11.81
44500, -0.25, 2.73, 9.32, 15.50, -4.44, -61.06, -23.00, -3.31, 9.50
44600, 1.27, 3.48, 9.23, 15.50, -4.06, -61.06, -10.25, 17.87, -12.38
44700, 0.30, 3.60, 9.29, 15.88, -3.69, -61.81, -1.81, 20.00, -3.69
44800, 1.20, 3.61, 9.15, 16.25, -4.06, -62.63, 17.69, -7.44, 59.31
44900, 1.37, 2.21, 8.98, 14.44, -5.19, -60.25, -21.94, -1.56, 69.44
45000, 0.62, 3.08, 9.73, 14.06, -8.88, -59.50, -44.81, 54.00, 43.50
45100, -0.49, 1.64, 11.93, 13.69, -8.88, -61.06, -27.06, 1.19, 59.94
45200, -0.79, 2.73, 9.65, 13.69, -8.13, -60.63, -57.69, 61.88, 75.06
45300, 1.36, -0.97, 8.40, 12.94, -9.25, -61.00, 24.12, -28.00, 75.44
45400, -0.87, 1.94, 9.35, 13.31, -9.63, -60.63, 3.06, 33.88, 111.94
45500, 0.15, 0.60, 10.59, 9.25, -12.94, -61.00, 12.06, 5.75, 107.19
45600, -0.49, 0.57, 10.53, 7.06, -17.75, -61.44, -36.38, 19.50, 104.75
45700, -0.44, 0.09, 9.22, 2.62, -20.31, -60.63, -36.81, 9.00, 92.75
45800, -0.34, -0.54, 9.12, -4.00, -21.06, -62.56, -45.44, -36.06, 97.19
45900, 0.91, -0.22, 9.80, -9.56, -21.44, -62.56, 0.81, -24.25, 89.50
46000, 1.01, -1.22, 9.02, -16.94, -18.44, -63.38, -11.06, -29.81, 59.81
46100, 1.32, 0.42, 9.98, -23.56, -17.00, -62.56, 4.50, -49.56, 42.50
46200, 0.09, -1.55, 8.91, -28.00, -15.50, -61.00, -31.75, 32.06, 58.88
46300, 1.12, -0.78, 9.12, -31.31, -11.06, -61.38, -2.50, 27.87, 52.75
46400, 0.64, -1.28, 10.35, -33.88, -8.50, -61.81, 23.69, 7.62, 74.62
46500, 0.31, -1.14, 11.07, -32.81, -5.56, -62.94, 38.50, 12.69, 73.56
46600, -0.32, 0.03, 10.38, -33.13, -2.62, -62.56, 41.25, 1.75, 62.69
46700, -0.96, 0.87, 10.35, -34.25, -3.00, -62.19, 6.25, 19.19, 73.25
46800, -2.05, 1.33, 9.16, -34.63, -3.37, -61.00, 2.62, 2.25, 74.25
46900, -1.17, 0.80, 9.94, -33.13, 0.00, -61.81, 5.31, 16.37, 59.13
47000, -1.52, 1.38, 9.51, -33.50, 1.81, -61.00, -18.19, 23.12, 31.31
47100, -2.26, 1.68, 9.26, -33.50, 5.50, -62.56, 13.00, 13.75, 26.37
47200, -1.55, 0.12, 9.44, -31.31, 5.50, -62.94, -0.06, 4.00, 31.00
47300, -2.22, 1.19, 9.88, -30.56, 6.25, -63.75, 0.25, 5.12, 23.69
47400, -2.13, 1.66, 9.78, -30.19, 6.62, -64.50, -4.94, 2.25, 3.19
47500, -2.35, 1.76, 9.98, -30.19, 7.00, -63.38, 7.00, -11.38, 17.06
47600, -1.95, 1.33, 9.73, -30.56, 7.69, -63.75, 1.75, -1.37, 13.69
47700, -1.89, 1.53, 9.74, -30.56, 9.19, -64.50, 2.06, -1.75, 1.87
47800, -1.79, 1.20, 9.85, -31.31, 8.44, -64.94, -7.19, -10.94, 3.81
47900, -1.45, 1.12, 9.71, -30.56, 8.81, -64.12, -0.50, -4.44, -3.25
48000, -1.72, 1.26, 9.75, -29.12, 7.69, -65.31, -2.81, -1.69, -10.75
48100, -1.70, 0.95, 9.97, -30.94, 9.56, -64.12, 1.56, -7.56, 1.19
48200, -1.65, 1.19, 9.87, -31.31, 8.44, -63.75, -7.00, -9.75, -14.19
48300, -1.51, 1.03, 10.07, -30.19, 8.81, -63.75, -10.31, -16.62, -44.13
48400, -1.40, 0.71, 9.55, -32.81, 7.37, -63.00, 6.12, -3.50, -97.50
48500, -0.71, 0.18, 9.78, -33.50, 2.94, -62.94, 3.19, -10.81, -83.25
48600, -0.59, 1.37, 9.71, -34.25, -0.75, -61.81, 2.56, -17.06, -58.44
48700, -1.63, 1.15, 9.96, -34.25, -4.44, -61.38, -18.00, 30.94, -47.19
48800, -2.33, 0.60, 9.27, -32.06, -4.44, -62.63, -8.25, 26.12, -55.06
48900, -1.49, -0.66, 10.37, -27.62, -7.06, -64.12, -18.00, -17.81, -111.75
49000, -0.91, -0.05, 9.81, -25.75, -8.50, -62.56, 13.50, -34.56, -138.69
49100, -1.20, 0.37, 11.04, -25.06, -12.56, -61.81, 27.62, -7.06, -92.62
49200, -0.53, -0.16, 10.66, -23.19, -16.25, -61.00, 20.81, -4.62, -71.00
49300, 0.00, 0.54, 10.05, -18.75, -19.19, -60.25, 10.69, -16.56, -77.44
49400, -1.33, -0.04, 10.17, -15.44, -19.94, -60.63, -2.75, 1.50, -88.12
49500, 0.40, 0.36, 9.63, -11.38, -22.50, -59.50, 10.00, -19.81, -90.25
49600, 0.03, 0.62, 10.16, -8.81, -22.50, -59.88, 14.06, -28.19, -88.44
49700, 1.05, 1.29, 10.03, -6.25, -22.87, -59.44, 15.44, -40.69, -97.12
49800, 0.41, 1.44, 10.10, -0.69, -24.37, -58.69, -24.69, 21.81, -55.94
49900, -0.33, 2.63, 9.90, 1.87, -23.25, -59.88, 4.62, 25.19, -89.31
50000, -0.54, 0.89, 10.20, 6.69, -20.69, -59.06, 4.69, 26.12, -75.50
50100, 0.44, 1.33, 9.82, 12.19, -18.81, -60.25, -10.06, 18.62, -52.69
50200, 0.22, 1.55, 9.60, 14.75, -16.62, -59.88, 16.87, -12.38, -47.63
50300, -0.20, 1.52, 9.53, 17.75, -15.50, -60.25, -16.19, 15.06, -14.81
50400, -0.06, 1.71, 9.86, 20.31, -7.06, -59.88, -31.81, -68.69, -17.94
50500, 0.43, 2.12, 10.59, 19.19, -5.56, -60.25, 36.94, -10.44, -42.56
50600, -0.65, 1.85, 8.13, 15.50, -7.44, -61.81, 56.06, 19.56, -184.06
50700, 0.93, 4.58, 9.85, 15.13, -5.19, -62.56, 28.50, -16.75, -87.87
50800, -1.43, 3.16, 10.23, 17.75, -5.19, -61.06, 55.88, -22.25, -54.31
50900, 0.38, 1.84, 9.85, 18.81, -5.19, -61.44, -135.56, -3.75, -96.62
51000, -0.13, 1.73, 9.26, 17.75, 3.31, -64.19, -31.44, 44.69, -83.06
51100, -1.10, 2.14, 8.01, 21.44, 10.31, -63.00, -40.31, -82.56, -102.75
51200, -0.04, 1.62, 8.30, 18.44, 15.81, -64.56, -22.69, 22.00, -153.75
51300, -0.53, 1.55, 9.55, 16.25, 19.50, -64.19, -36.63, 7.81, -75.31
51400, -1.00, 0.85, 9.04, 17.00, 22.06, -62.63, 12.75, -6.19, -102.75
51500, -1.39, 2.85, 9.89, 14.44, 25.44, -62.63, 7.06, 6.50, -152.56
51600, -1.40, 2.75, 10.24, 10.75, 30.19, -62.63, 3.06, 24.94, -93.81
51700, -1.53, 2.45, 9.21, 8.50, 30.94, -62.19, -13.69, -11.75, -66.31
51800, -1.93, 2.05, 11.29, 4.06, 32.44, -62.63, 69.31, -39.06, -51.19
51900, -3.29, 0.17, 9.48, 2.62, 33.50, -63.75, 11.69, 33.13, -41.25
52000, -2.63, 1.83, 9.05, 0.37, 31.31, -63.38, -31.06, -22.62, -72.62
52100, -1.50, 2.39, 10.06, -2.94, 31.31, -63.38, -20.56, 1.69, -88.62
52200, -0.87, 1.62, 10.34, -7.31, 33.13, -64.19, 4.81, -13.31, -87.19
52300, -2.02, 0.45, 10.15, -11.00, 32.81, -63.00, 15.50, -17.25, -69.75
52400, -2.24, -0.52, 10.14, -12.88, 32.44, -62.25, -18.56, -15.06, -73.50
52500, -1.86, -0.05, 10.79, -17.31, 34.63, -61.81, 2.69, -64.37, -85.00
52600, -0.20, 0.93, 8.85, -22.44, 32.44, -61.81, 64.00, -12.81, -37.50
52700, -0.55, 0.65, 11.16, -27.62, 28.75, -62.19, -5.56, -18.44, -78.12
52800, -1.59, -0.64, 9.77, -29.81, 25.44, -61.81, 0.19, 12.13, -70.25
52900, -0.54, 0.52, 10.39, -31.31, 25.75, -61.44, -36.00, -68.56, -92.06